name: test
channels:
  - conda-forge
  - defaults
dependencies:
  - appnope=0.1.4=pyhd8ed1ab_1
  - asttokens=3.0.0=pyhd8ed1ab_1
  - blas=1.0=openblas
  - bottleneck=1.4.2=py310hbda83bc_0
  - bzip2=1.0.8=h99b78c6_7
  - ca-certificates=2025.7.9=hbd8a1cb_0
  - comm=0.2.2=pyhd8ed1ab_1
  - debugpy=1.8.11=py310h313beb8_0
  - decorator=5.2.1=pyhd8ed1ab_0
  - exceptiongroup=1.3.0=pyhd8ed1ab_0
  - executing=2.2.0=pyhd8ed1ab_0
  - expat=2.7.1=h313beb8_0
  - importlib-metadata=8.7.0=pyhe01879c_1
  - ipykernel=6.29.5=pyh57ce528_0
  - ipython=8.37.0=pyh8f84b5b_0
  - jedi=0.19.2=pyhd8ed1ab_1
  - jupyter_client=8.6.3=pyhd8ed1ab_1
  - jupyter_core=5.8.1=pyh31011fe_0
  - krb5=1.21.3=h237132a_0
  - libcxx=17.0.6=he144fb7_6
  - libedit=3.1.20191231=hc8eb9b7_2
  - libffi=3.4.4=hca03da5_1
  - libgfortran=5.0.0=12_2_0_hd922786_32
  - libgfortran5=11.3.0=hdaf2cc0_32
  - libopenblas=0.3.29=hea593b9_0
  - libsodium=1.0.20=h99b78c6_0
  - libzlib=1.2.13=hfb2fe0b_6
  - llvm-openmp=17.0.6=h2f17746_0
  - matplotlib-inline=0.1.7=pyhd8ed1ab_1
  - ncurses=6.4.20240210=h078ce10_0
  - nest-asyncio=1.6.0=pyhd8ed1ab_1
  - numexpr=2.10.1=py310h5d9532f_0
  - openssl=3.5.1=h81ee809_0
  - packaging=25.0=pyh29332c3_1
  - parso=0.8.4=pyhd8ed1ab_1
  - pexpect=4.9.0=pyhd8ed1ab_1
  - pickleshare=0.7.5=pyhd8ed1ab_1004
  - pip=25.1.1=pyh8b19718_0
  - platformdirs=4.3.8=pyhe01879c_0
  - prompt-toolkit=3.0.51=pyha770c72_0
  - psutil=5.9.0=py310h80987f9_1
  - ptyprocess=0.7.0=pyhd8ed1ab_1
  - pure_eval=0.2.3=pyhd8ed1ab_1
  - pygments=2.19.2=pyhd8ed1ab_0
  - python=3.10.18=h19e8193_0
  - python-dateutil=2.9.0post0=py310hca03da5_2
  - python-tzdata=2025.2=pyhd3eb1b0_0
  - pytz=2025.2=py310hca03da5_0
  - pyzmq=26.2.0=py310h313beb8_0
  - readline=8.2=h92ec313_1
  - setuptools=78.1.1=py310hca03da5_0
  - six=1.17.0=pyhd8ed1ab_0
  - sqlite=3.45.3=h80987f9_0
  - stack_data=0.6.3=pyhd8ed1ab_1
  - tk=8.6.14=h6ba3021_1
  - tornado=6.5.1=py310h80987f9_0
  - traitlets=5.14.3=pyhd8ed1ab_1
  - typing_extensions=4.14.1=pyhe01879c_0
  - tzdata=2025b=h04d1e81_0
  - wcwidth=0.2.13=pyhd8ed1ab_1
  - wheel=0.45.1=pyhd8ed1ab_1
  - xz=5.6.4=h80987f9_1
  - zeromq=4.3.5=h9f5b81c_6
  - zipp=3.23.0=pyhd8ed1ab_0
  - zlib=1.2.13=hfb2fe0b_6
  - pip:
      - certifi==2025.7.9
      - charset-normalizer==3.4.2
      - contourpy==1.3.2
      - cosinorpy==3.1
      - cycler==0.12.1
      - et-xmlfile==2.0.0
      - fonttools==4.58.5
      - idna==3.10
      - jinja2==3.1.6
      - joblib==1.5.1
      - kiwisolver==1.4.8
      - lazy-loader==0.4
      - markupsafe==3.0.2
      - matplotlib==3.10.3
      - mne==1.9.0
      - numpy==2.2.6
      - openpyxl==3.1.5
      - pandas==2.3.1
      - patsy==1.0.1
      - pillow==11.3.0
      - pooch==1.8.2
      - pyaml==25.7.0
      - pyparsing==3.2.3
      - pyyaml==6.0.2
      - requests==2.32.4
      - scikit-learn==1.4.2
      - scikit-optimize==0.10.2
      - scipy==1.13.1
      - seaborn==0.13.2
      - statsmodels==0.14.5
      - threadpoolctl==3.6.0
      - tqdm==4.67.1
      - tqdm-joblib==0.0.4
      - urllib3==2.5.0
      - xlrd==2.0.2
